51.01
56.62
59.38
62.11
53.07
60.44
66.12
62.76
65.59
64.70
61.31
70.43
69.40
69.80
62.83
70.31
57.96
68.19
69.07
68.67
67.82
67.64
70.61
70.78
66.99
68.63
71.28
69.11
69.83
69.66
67.94
70.21
67.38
65.04
71.30
67.21
69.99
66.76
68.22
71.29
72.17
71.68
67.22
69.14
69.08
64.94
70.86
69.74
66.97
70.88
72.08
71.19
69.28
70.71
66.98
69.58
72.42
70.47
70.89
69.20
71.47
69.78
70.50
71.38
71.27
71.57
72.08
71.56
73.02
72.56
74.44
73.59
72.93
72.52
71.89
73.86
73.68
73.88
72.57
73.26
74.37
73.62
73.39
74.64
74.86
73.44
74.50
74.47
74.74
73.20
74.23
74.34
74.11
72.28
73.49
74.09
73.74
74.64
75.17
75.34
75.19
74.44
75.32
75.67
75.14
71.38
75.52
75.60
75.53
76.10
76.40
74.83
75.92
74.43
74.61
74.66
76.17
76.02
75.43
75.79
76.02
76.67
75.74
77.02
73.94
73.48
76.54
76.87
76.48
76.90
77.56
77.23
77.14
75.97
76.81
77.03